round 0 : [108, 136, 219, 37, 132, 227, 185, 26, 69, 248, 19, 186, 148, 184, 162, 35]
round 1 : [1, 178, 253, 7, 133, 81, 68, 29, 192, 169, 87, 167, 84, 17, 245, 132]
round 2 : [129, 84, 162, 39, 4, 5, 230, 58, 196, 172, 177, 157, 144, 189, 68, 25]
round 3 : [255, 79, 118, 71, 251, 74, 144, 125, 63, 230, 33, 224, 175, 91, 101, 249]
round 4 : [206, 2, 239, 62, 53, 72, 127, 67, 10, 174, 94, 163, 165, 245, 59, 90]
round 5 : [56, 224, 81, 56, 13, 168, 46, 123, 7, 6, 112, 216, 162, 243, 75, 130]
round 6 : [21, 83, 66, 2, 24, 251, 108, 121, 31, 253, 28, 161, 189, 14, 87, 35]
round 7 : [254, 8, 100, 120, 230, 243, 8, 1, 249, 14, 20, 160, 68, 0, 67, 131]
round 8 : [29, 18, 136, 99, 251, 225, 128, 98, 2, 239, 148, 194, 70, 239, 215, 65]
round 9 : [217, 28, 11, 57, 34, 253, 139, 91, 32, 18, 31, 153, 102, 253, 200, 216]
round 10 : [187, 244, 106, 10, 153, 9, 225, 81, 185, 27, 254, 200, 223, 230, 54, 16]
